50
10101100000001010110000010000111011000010101010000
01110010000000011000110100100110010000010101001000
11100000010101100100101000100001010100100000100000
01010111000001001001000000001001000000000110000100
10001110010010111101100001001011010001100110000000
10011101110100100100100100101010100101110101011000
01011010100000000001100010110011010000101001000000
00010101110001100000000000100000110000100011000011
00000111110000000010001011000000101000000100000001
00101101111100000010000000000110011000110000011000
00000000011000010000001010000000100110001101001000
00100100010100001000011101000010011011001000110000
00001000000010110111010001010100110000011000000011
10110001000001001010000010000010001000101101100001
00101101000010110010000011000010000100000010000110
11001000001010110100100110000011101000000110000100
01011000000101001011000100000011110010100100001101
10101100000010010100000000100010010100000101000001
10000000110011101010100111000000101001000010000010
00011010000010001001000000000000001000000000010001
01101110000000010010110011010001001001110110101001
01000000000110000000110000001000000010100000010000
00100000101100000000001000000110110110100101010010
01000100000100011010000110011000100110000001100011
10000010101001110010100110001110001100010000011001
00001000100110100010100001001100110100000001000000
01100111000000000100000000111010010100100001110000
00000010000010000000100100110100000110000000110000
00011100000000000000010111101001100000110001010000
11000000010010000000001011010110000001011000000101
11001110010101111100001010100111110011111011100001
10111010000000011000100000001011100000001001011010
00000101101010011010001101001011101010100101101000
11101011010110001100001001100010011101011000001010
10000000110101010011100010000000111000110000010100
00100100001000100100001111110000010111100000110000
00000000001100001000011100010010100110000100010010
00001100000100000010100000000110010101100000000100
00101111010001001000111000101010101101100110000100
11000100010010000000100010001110011000010100100001
00000010001111000000000000000111010000001001110000
11011100101001011100101000000000100010110100001010
00011001000000110010100000000010000000100011100110
11000111001001000100001101101011100000001011010110
00100000000101000000100100110010100100011010100100
10000100010100000001011010111001001110001001010100
01000100011000001000100010000001110000000100001001
00010000000000111000000000000100001001100011110110
00000001000010100010001100000001010010000111000110
00000001100011001101100110000110000000010000001001
