79
1000000000001000000000000000000010000000000000001000000000100100000000000100001
0100000010000000000100000000000000010000000000000000000000001011000000000000000
0010000000000000110000000000000000000000000100000000000000000000001000000000100
0001000000000000010000000000001000001000000000000000000000000000000000000000000
0000100010000000000000010000000000000000000000000010000100100000100000000000000
0000011000000000010001001100000000000000000000000000000000010000000000000000010
0000011000000000001000100000000000000000000000000000000000100000000000010000000
0000000100001001010000011001000000000000000001000000100000000000000000000000000
0100100010010001011000000000000000000000000000000000000000110101001000000000000
0000000001000000000000010010010000000000000010000100000001000000000000000000000
0000000000100010000000000000000100000000000000000000000010100000001100000000000
0000000010010000000000000000000000000000000000000000000000000000010000010010000
1000000100001010000000000000000000000000000100000000000000000100000001000000000
0000000000000100001010000000000000000000000000100010000000000000000000000000000
0000000000101010000000000000110000000000000000000000001101000010000100000010000
0000000110000001000010000000110000100100010000001010000000000000101000000001000
0010000000000000100000000000000000000000000010000000001000010000000000000000000
0011010110000000010000001100000000000000000000000000010000000000000011000000000
0000001010000100001000010000010000000000000000000000000000000000010100000000000
0100000000000000000100010000000000000000100000000000000000000000000100000100000
0000000000000101000010000000000000000000100010000000000000000000001000010000000
0000010000000000000001000100000000001000000000010000000001100000000000000001000
0000001000000000000000100000000100100000001000010001001000000000000000001000001
0000100101000000001100010001000010010000010000000000000000000001000000000000000
0000010100000000010000001000000010000000000001000000100001000000001000100000000
0000010000000000010001000110100000000010000000000000000000001100000000000001000
0000000001000000000000000110000000001000000000000000101100000000000000000000000
0000000100000000000000010001000000000000000000000000001010100000001000010000000
0000000000000011000000000100100000000100000000000000000001000000010010000000000
0000000001000011001000000000010100001000010000011001000000001101010000000000000
0001000000000000000000000000001101010000000010000010000110000000000010001000000
0000000000100000000000100000011100001001010000000010010000000000001000000000000
1000000000000000000000011000000010010000000001010000000000000000001000000000010
0000000000000000000000000000001001000000000000000000000110001000000000000010000
0000000000000001000000100000000000100000001010000000000010000100000000000000000
0100000000000000000000010000001010010000010000000010010000010000000000000000000
0001000000000000000001000010010100001000000000000000100000000000000000000100000
0000000000000001000000000000100000000100001000000000000000000010000000010000000
0000000000000000000000000100000000000011001010000000000000010000000000000000000
0000000000000000000000000000000100000011000001000000000000000000000000000000000
0000000000000000000110000000000000000000100000100000110000000000000000000100010
0000000000000001000000010000010100010000010000000110000000000000000000000000100
0000000000000000000000100000000000100110001100001010000000000000000000000000000
0010000000001000000000000000000000000000001100000000001000001000101000000000000
0000000001000000100010000000001000100010000010010000000000000000000000000000000
0000000100000000000000001000000010000001000001000000000000000000000001000100000
0000000000000100000000000000000000000000100000100000000000100000000010000000000
0000000000000000000001100000010010000000000010010000000000000000000000000000000
1000000000000001000000000000010000000000001000001000000000010000001000001000000
0000000001000000000000000000000000000000010000000100000000000010000000010000100
0000100000000101000000000000001100010000011000000011000000000000000000001000010
0000000000000000000000100000010000000000000000000011000000001000000000000001000
0000000100000000000000001010000000001000100000000000100100000000010101000000000
0000000000000000010000000000000100010000100000000000010000000000010010000000000
0000000000000010100000100011000000000000000100000000001000000000000100001000000
0000100000000010000000000010001001000000000000000000100100000000001100000010000
0000000000100000000000000001001001100000000000000000000010000000001000000000100
0000000001000010000001001000100000000000000000000000000001001000001000000000000
1000101010100000000001000001000000000000000000100000000000100000010000000000001
0000010010000000100000000000000000010010000000001000000000010000000100011011010
0100000000000000000000000100010001000000000100000001000001001010100100000000000
1000000010001000000000000100010000100000000000000000000000000110000010000000000
0100000000000010000000000000000000000100000000000100000000001110000000000000000
0100000010000000000000010000010000000000000000000000000000000001000000000000110
0000100000000001000000000000000000000000000100000000000000001000100000000001000
0000000000010000001000000000110000000000000000000000110000100000010000000000000
0010000010100001000010001001000110000000000100001000000111000000001001000000000
0000000000100010001100000000000000000000000000000000101100011000000100001000100
0000000000000000010000000000101000000000000000100000010000000100000010000000000
0000000000001000010000000000000000000000000001000000100000000000001001000000000
0000000000000000000000001000000000000000000000000000000000000000000000100010100
0000001000010000000010000001000000000100000000000100000000010000000000010000000
0000000000000000000000100000001000000000000000001010001000010000000100001100000
1000000000000000000100000000000000001000100001000000000000000000000000001100001
0000000000010010000000000000000001000000000000000000000100010000000000100010000
0000000000000001000001000100000000000000000000000001000000010000100000000001000
0010000000000000000000000000000000000000010000000100000010000001000100100000100
0000010000000000000000000000000010000000100000000010000000010001000000000000010
1000000000000000000000100000000000000000000000000000000000100000000000000100001
