48
100101001100011010001110101000001001100000010001
010010010001100010110010001010000000000011110010
001011010000110000000100100100001000010010001000
100101100000101110011001110001000001101001001110
011011111010101000000111101111100101111011111001
101111000011000000000011001000001010000000000011
000110110001001110111010101000100000010011110000
011010111100000000001011001010010000011010111101
100010011000000010110100101111001011011101000100
100000010110100011000000110100100010000100100110
000011000111011100001111000010001110000101100001
010001100011100001110011001101100001000101101001
011110000101100101000000000100000000010000111000
101000000010011110000101010110010000000010010101
100110100010011011001101111101010000011001111000
000100100010110101010000101000100100100101101011
110100101100011010000110010101010001101001011001
000000000101101101100110101011001111000010100000
010000101001000001100000110000000010011011000111
010100101001000100011110101101011010010010011100
100100110010001000011111001010011010000110000000
101010001010011011011100100001000101000100100000
110011110011000011011011011000001100000001000110
000111010011011000001011111111101000000000001100
101110101100001101110101110010111000010010010001
000100000100011010100011111100000011011111000101
110011111001001101011011011001001010011010110010
001010001101111010010001010101110001010001001010
010010011010010001001001100010111000000000110011
000110001001001011010101001101010011000000100011
000010100101000100000001100110110011111000000101
000000010000011010011000100111110101000111000000
101001001010000001011011101010001111000000101000
000010000010000101000110000000011111101011010000
000001001110000001111000011001101110010101001000
100110001001000011000100010101111101000000011110
100110000000000110000000000000100100110010000000
001010111000101000110000111100100010111010001110
000110011000001010100000011000100100011110001010
000000001111000100001100010000010010001111000001
011010110000010001111000111000010100111111101000
010110101011001110100010010100010110000111100110
010010110111101101000100001011001000000011110110
110010110000111010010000101010000101000000111000
001110010001101110010001000100001011011010011000
000100011100010000110011010000100001010001100100
010101000100000100100010001111000001011001100010
100011010011010110100000110011100000000100000001
