97
1000000001000000000000001010001000001000000000000000000000010000000000000010000010100000000000000
0111000000100010000011100000010010011000000000000000000100000000000010000000000000110000000010001
0110000000000100000001111000000000010000000001000001000000011100000000000000000010000000000000000
0101000000000101000000001000000000000001000010000011100000000000000000000000000000000100000100000
0000100101000000110000100000000000100010000010000001010000000100100101000010010100000000001000011
0000010000100001010010000000001100100000000001001100000001000000000001000010000000000000000000000
0000001001101010011010010010000000000100101001000100000000010110000000000000000000000000000010001
0000100100010001000000000000010100001000000000000010000010100000000010100010101110001000001010001
0000000010000000000001000000110000001000000011000000010000000011100001001010000001000100000000000
1000101001000010000000000000000000000100000000000000100010000001000000100001001000000000100100000
0100011000100001000001000000000000000000000000000000100000100000000000100000111001000000100000001
0000000100011000001010000000001010001000011010000000001010000000001000000100000100001011000000000
0000001000011000001000000000101000010000000000000100000000100001000000000000100000101000000000110
0011000000000100000110100100000000000000001000110000010000000001000000000100000100001000000100000
0100001001000010101000000001000000001010001100100100000000000000000000000000000000001000000000000
0001010100100001000010000110000001001100000000001000100000001010000100000000000001000000001000000
0000100000000010110000000000000000100000000100011100000010000000100000000100000000011011000000010
0000111000000000110101001001000010000000001000100000000000011000100010001101000010000000011001010
0000001000011010001000010010000010000110000000000000000010000011000000000000000000000100000000000
0000000000000100010100000000000110000001001100101000000000100001000000000000000000000000100000000
0100011000010101000010000000000000000100000000000000000000000000100010010001000000001000010010000
0110000010100000010001000010000000001010010000000000000000011000000001001000000001010100100000100
0110100000000100000000100000000000000010000000000000000000000101000000100100000000010011010000000
0010001000000000001000010010010100000101100000000100000000010010100000000001000000010000100000001
1011000000000000010000001000110010000000011010000001000001000000100000100001010100100001000000100
0000000000000101000000000100000100000000000000000011010100011100001000100100010001100000000000110
1000001000000001001001010010011001100100000010001000000000000000000001001001000001100000010000100
0000000000000010010000000001001100010000010000100101100001000000000000000000001000000001000000100
0000000010001000000000001000100001001001000000100100010010010000000000000000000000000001000001100
0100000110000000000000011010010000000000100000000000100010100100100001001010000000000000000010000
1000010000011000000000000011001000000000000000000000000000000000010110000010010000000100001000000
0000010100000000000100010101000100000000001000100000000110000000010000010010001001100000000000010
0100000000010000011100001000000011000000000001000000000010000000000000000101001100000100000000000
0000000000000001000000000010100011010000000010000100001000000001000010000000000100001000010100000
0000110000000000100000000010000000100111100001000000000010000010000000111000000000000010000100000
0110000000001000000000000001000001010100000100000100010100001000000100000100000001010000011100000
1100000110010011000001000000100000001000000000000000000000001001010100000000100001010000000100000
0000001001000001001010010010000000110100001010000000100001010100010100110000001000000000000000000
0000100000000010001001100000000000100010000000100010001000010000000100100000001010000001000000110
0001000000000000000100010000100000100001100000000000000000000101000000000101100000001100000000010
0000001000000000000000010000010000100001100000100000010010000010000000001010100000000000000000001
0000000000010000000001001001000000000000011001000000000000000000000000100010010010110000000000000
0000001000010110010100001000000100000100011000000000000110000000000100000001010000101010010000010
0000000000000010100100000000000000010000000101000000000001001000000011000000001000000100000000110
0001100010010000000000001010000001000100000010000010010010000000000000010010000000100000011000000
0010011010000000000000000000000010100000010101000000001010010001010001000001000101001001000100111
0000000000000110010100000001100100000010100000110010000000110010000101100001000000000000100000000
0000000000000100100000000000000000000000000000110100000000001000100000100000000110010001000000000
0000010000000001100100000010000000000000000000001100001000000000000000000000110000001000000001000
0000011000001010100000010001100001010000000000011101000000100000010000000000000000000000000001000
0001000100000000000000000100000000000010000010100010000001001000010000000000000000101100010000001
0011100000000000000000001101000000000000000000000101101010000000000000000000000000000000000000001
0001000001100001000000000001010000000100000000000001100000000000001000101000100000010001010010100
0000100010000100000000000100100000010000100010000000010000000000000001001000000000010000100110000
0000000000010000000000000000000001000010000001001001001000100000000100000000001000000000100000000
0100000000000000000000000100000100010000001000000000000101001000100011000100000000000001100000010
0000000101010000101000000000110110100000101011000001000010000000000000010000000000000100000000010
0000010000000000000000001001000000000100000100000010000101000101001000101000000100000000100000000
0000000100101000000100000000010000000000000000100100001000100000001011100010000110001000100010001
1010001000000000010001010100100000000110000001100000000000011000010010110000000100100100000100001
0010000000000001010001000100000000011000000100010010000100011001000010000010000000100000000000100
0010101000000000000000100100010000000101000000000000000001000100000000000010000101000000100000010
0000001010000001001000010000000000100000100000100000000000000010000000000001100101000010010010010
0000000011001100001100100000000001001001000001000000000001001001001000010001000000001100000000000
0000100010000000110010011000010000000000000000010000000100000000101001000000000000000010000000100
0000000000000000000000000000001100001100000001000110000000010000010000000000100001000000000000010
0000000000010000000000000100000000000000000000000000100001100001101000100000000000000000000000100
0000100000000001000000000000001000011110001000100000001000000000000100000000000000000100000000000
0100000100000000010010000000001001000000000100000000000100111000000010110000001000000000000010000
0000110010000000000001000010010000000000000101100000010100100000100001101000100000100000000000000
0000000101100000000000101100000000100110010000110000100001110000001011100000000001000000000101000
0000000000000000000010000000000100100100000010000000000010010001000010011100100000000000000001001
0000000010000000010001000010010000100000100000000000110001000000000001011000000010000000000001101
0000000000010100110000100100000010010001000000000000000100000000000000010100000100000100000000000
1000110110000000000000000000011100000000110010000000000000101100000000000010000010100000010000000
0000000001000000010010011010000010000001001001100000000000000011000000000001110100000100100001000
0000000100101000000000000000000000001001100000001000100000000010010001010001110110000010000100000
0000100000100000000000001100001000000000011000001000000000000000000000000001111001100000001000000
0000000101100000000000000001000110000110000100000000001000000000000010000000011000000000110010110
0000100100010100000000001000000011000000000001010000000001110110000000000101100100100000000101000
1010000100000000010000000000000000000010010000010000000000100000000000001010100010000000010001001
0000000010100001000001000110000100011000000001000000000000000110010000100000010001100000000001001
1100000000001000000000001110000100000000011010000010000000011000000001000010010101100000001010000
0100000000000000100001110000000000011000010000010000110000000000000000000000000000010000101001000
0000000100011110100010000000000001000001001001001010000000100001000000000000000000001100100000000
0001000010000000001001000000001010000001000100000010000010010001000100000101000000001101000100000
0000000000010000100000100000000000100000001000000000000000000010100000000000100000000010010100000
0000000000010000100000101001100000000010000001010000100100000000000000000000000000000101000000000
0000000001100000000101010000000000000000000000100000011101100100000000000001001000011000100000101
0000000000000000010010100010000001010000001010000010100000000010000000000010001010000010011010010
0000100100000001010000000000001000010000000010000000000000000000000000000000010000110000011000000
0001000001000100000000000000000001111000000001000000010000010000000000100000100100000110000100000
0100001100000000000010000000010000000000000000000000110000100010000010000000001000100000010010011
0000000000000000010000000000100000000000000000001100000000000000000000111001000111010000000001000
0000000000001000000001001111100000000010000101000000100000001000101000001000001000000000100000100
0000100000001000110000000100000100000011001101000000000110000110010000000000001000000000010010010
0100101100100000000000010000000000000000100001000011000000110000000000011000000011000000100010001
