31
1000000001001000000001100101110
0110100000000010101000000000010
0111101010010100000111100000100
0011101000000100000010110000000
0111100100100100011000001000000
0000011010101110010000000000000
0011011100101010010100000000000
0000101101100010000011010010101
0010010010010000000001100000011
1000000101000010111011000001010
0000111100110000000001000010000
0010000010110000100000100011000
1000011000001000100000111101010
0011110000000100110001100100001
0100011101000010100001100110000
0000000000000001011001100010001
0100000001011110100001001001011
0000111001000101011000001110011
0100100001000001011100000001000
0010001000000000001100011000100
0011000101000000000010000010010
1010000111100111100001101010000
1011000010011111000001100000101
0001000100001000000100010111010
0000100000001000110101001110000
1000000000001110010000011100000
0000000100110011010011011010010
1000000001011000101000010001011
1010000100000000000100100000100
1100000011001000110010010011010
0000000110000101110000100001001
