32
10110110100111010110101001110111
01001110110110011101101111110001
10111111001001110100101011011101
10110101010001101010010011110100
01101111110001111011100111110010
11111100001110110010110010101111
11101011010000111100110110111011
00111011111110001101101110011111
11001001101100011111111110101101
01011011011100011010100110001110
00100101111111111111001010011111
11000101111101101001010011101111
11000101001010111101100011100101
10111000001101000110100110111101
00111110001110101010011000011011
11101110111010011111010000101001
01011011111110111101010100011101
11100011101011011101011010010101
10011100111001110010110100001010
01001001101110011101000011111000
11101111110011000010100101111111
00010110100100111110011001100011
11100001101000100100011100011011
01001011110001001010101111100111
01111111111111000101000111101110
11111000000110000001110111101110
11011110100111010001110111100001
11111011001001101101101000011101
00100111111101111011101011011100
10110101111111001100100111011110
10001111011100100010111111000111
11100111101111111100111100110011
