65
10010001100000000010001000100100010000000000000001010010000010000
01000000000000000000010010000000010001000000000001001000010000000
00101000000000010000000001100000000000000001000000000000000100000
10010000001010100000010000001000100000100001110000000001000000000
00101000000000000000100001000000000000100001000000000110000100001
00000100000001000000001001000000010000010000010001000000000010000
00000010011100000000000000100100000010000010100100000001100011000
10000001000000000000000100001000000000000000100010101100000000001
10000000100000001010000001000000100000000000000000000100000000000
00000010010010000000000000010000010001000100000010100011000100000
00010010001001000001000000000100100000000000010100000100010000000
00000010000100111000000000010000000000110010010000000001000010110
00010000010010000000000001000000000000000000000000000000000000100
00000100001001110001000100000000001000000000000100000000100000000
00010000000101110000010000001000000100000000000000001000000000000
00100000000101111000000111000000010000000000000010000000000101000
00000000100100011011000000000000000000000100100000000010000000100
00000000000000000100000010000000000001000000000000001110000000100
10000000100000001010010010010010000100000000000000000000110000001
00000000001001001001001000001000000000100000000000011010100000000
00001000000000000000100001010000000000000000001101000010000000100
01010000000000100010010000000010000000000011001000000010100000000
10000100000000000001001100100100000000001000000000000000000000000
00000001000001010000001100000010000000001000000000011100000000000
01000000000000010110000010000000110000000000000000000100000000000
00101100100010010000100001000001000000000010110000000000000001000
10100010000000000000001000110000000011100000000000001000010000000
00000000010100000010100000110000000000010000001000000000000000000
00010001000000100001000000001000000010000000000000010000000000100
10000010001000000000001000000101010000000000100000000000100010000
00000000000000000010010100000011100000000000000000110000000000000
00000000000000000000000001000111100000000010000000100000000011011
00010000101000000000000010000011100000100010000000000001000011011
11000100010000010000000010000100010000000000000000001010000000000
00000000000001000000000000000000001100000000001000000011000000000
00000000000000100010000000000000001100010000000110110000001000100
00000010000000000000000000101000000010000010100000000000000001000
01000000010000000100000000100000000001010010000001000000000001100
00011000000100000001000000100000100000100000000010100000001000000
00000100000100000000000000010000000101010000000000000000000001000
00000000000000000000001100000000000000001000000000000100000000000
00000000010000001000000000000000000000000100000000000000100000000
00000010000100000000010001000001100011000010000000000010110000000
00111000000000000000010000000000000000000001001000000100000000010
00010011000000001000000001000100000010000000100100000000001100100
00010100001100000000000001000000000000000000010010010000000001000
00000000000000000000110000010000001000000001001000000000000000000
00000010001001000000100000000000000100000000100100001100000000100
00000001010000010000000000000000000100100000010010011000100000000
11000100000000000000100000000000000001000000000001000000000000000
00000001010000000000000000000011000100100000000000100000000000000
10000000000000000001000100001010000100000000010010011000000000000
01000001000000100101000100100000010000000000000110011001100000000
00001001101000000100000110000000000000001001000100000100000000011
10001000010000001101110000000000011000000010000000000010100000000
00010010010100000000000000000000101000000000000000001001000000001
00000010000001000011010000000100000000000110000010001010100100000
01000000001000000010000000100000000000000010000000000000010000000
00000000000000000000000000000000000100100000100000000000001000100
00101000010000010000000000000000000000000000100000000000100110000
10000110000100000000000000000101100000000000000000000000000111001
00000010000000010000000001000001100011010000010000000000000011001
00000000000110001100100000001000000101000000100100000000001000100
00000000000100000000000000000001100000000001000000000100000000011
00001001000000000010000000000001100000000000000000000101000011011
