35
11000100100110101111100010101010100
11000010111101000110100100111010011
00100100110010110011110100110100101
00010000011011010101011101111111000
00001110111111111000001101000001011
10101110000010111100010000110001011
01001111001010000000010010000001001
00000011010111010100000000111100110
11101000110010100001111000001001011
01111001110100001010110001010111100
01011010001111010010000000011010000
11001001011100110100001010001100110
10111111101011010100111001110100000
01011001001011111000100111100010111
10101100100101101111111111111000100
00111101001111011110010101010110010
10001100010001111110010000000000010
11010101000110111101000011010010100
11100000011000111010000110010110111
10110000100000100101100000010101100
11100000110011100001101001011100001
00110110110010111000010101011010100
00011000100110100000101110000101110
01111000000001110010011101001001001
10000010000101100110001010001000010
00011000010011110100110101001001110
11110101000011100000000000111111011
01110101011010110111110000111000000
11010001101100100000110111111100001
00110001010110010011101000101100000
11010000011001010110010000100011110
00011110110000000001001101100011001
10100001010101100111011001000010101
01001101100101011010001011100010011
01101110100001000010100100101001111
