79
1110101111100011100101001000001001101011111000001010001101001001001100001001101
1111001010000000100011000000010010011011010100001000100000100011110101010011100
1110001100101000010111101011011101000010000001000001111000010011101110001110001
0101011110000010000000100101000000011000001101000001000010001010010001011000111
1000101000100110001001100101000001101100100010101010000111001011011110101011001
0001010000010001010101010000000000100100000100010001000000001110110010101111011
1111101000000011011000010000100100010000101010110111110111000110001010011011001
1011000110110001000011010100110011101000000110110100001100101010011110100000000
1101000110001000100011010101010011010111100011000100110001000001010101111010000
1000000001000100111001001101010010111001111110000111001110000001010100000000011
1010100100110101000110100000101110101111100010010111010000001011000011010110010
0000010100110010000000110010000010111000111101100001110001000000001100011011000
0010000010001011010000011000000100110101101010000010110011000110001001110001100
0000100001100101010010010100010001001111001011000000100101010111000110011100110
1001101000011011110000011110101000111100011101010011101110110011000011101100110
1000011100101111100000000100000011000010100000000000011101000000011110101101001
1100000011000011110110001100001001010001101110100000000110100101000101010010000
0010011001001110110110101001001110100001101100100011000001000100010011110001111
0000101001000000001111101001000011100100100000100010000001100011111010000000010
1010010000100000111100010100010111111001110010100001111111111011011001000001101
0110000110100100111011010000010101100100011000100111000100110010000110100111101
1110110111000000001011000011110011010101011100010001101001010010000100100101000
0011100000110000011000100000010010001110010110111000100000010110001100001011100
0000011110011110000110010010101100000100101100000111000101000011000011010001111
1010000001001010111000001011100001001010011101001000010011001011110001110100100
0001100111000111100100000100011001000011101100010011110101110010101000010000111
0010000000010010000001011010110010000111000001100011111000110100000001001011110
0011100011000000011001001001111000001000111010101011001011010000101000010100110
0000001100100010000001011011101101001101000010101001001100000100101110100110110
0110000111000100000111100111010110111100100001011010100001000010000110010000010
1010000000100010110000010101101110011011000111101111110010010101000100100011010
0010001000101000010110010000111100110000010100001001010001100001001100001000110
0100000111110001011101100010011010111010110100010110000101011110011011010000101
1010100110000101101111001100100001100011000011000000100011101100111011100000110
1000110101111010011110000000010111101000001101101010001011000000101101011011100
0101001011011010100101000000011110011101000000100101001101110111111000000101011
1101100101110110000100101001111010111110101011110100111000000001111110000111010
0000110010101110001011110010110000011110000100000010001110011110000011010000100
1110000010100101000000101110001011001110100011110010011101001001000110010010100
1100000011101100110101000110101001010001000010000000001000000110001010100000010
1000101011111001111100010101010010001010100010011000100011011101101100100011000
1100000001010010000111101001000110000000011001001011001110000110100011110110111
1001001001011110110011011101000000101000011100001100010111000010101001111000010
0101010101010010110001111100001110100100001111100011000101000110001110000101001
0000101111101100100100100001101001001011100110000110001111101111000010000100100
0011000010010110000000001010011001101010010101111110111010000110100100010101010
0000101100010000111110100011101000111010000101101010111110000101000011011000100
0000011100100010000001100100010010001010100001011100101010000001101101000000101
1100100000000000000000101001111100100000111001111001101100011111100010111110000
0000001111100000000010010000001010011000001011010101110010110010101010000110001
1000101001101010011010010111011010100110010111100011000111100111101010010000001
0011011001110010010111010111101100010000010100001111110101110101000101010101011
0110001010011110000101100110011001001000100001111101110101011010001100111000100
0010001010111001000100001110001100001010001001100101110000011100100000100001101
1010000101000011000101000011100000111111010011111000001011101110001110001001011
1000101101000111100110010100100010010110011110101011100100110100011001010101100
0001101001001010100100001001001001100100111011110110001010001110100000100011110
1000101010011101011101011101010111110010101110000011101001001001010101110000010
0100000100000010101110000110000101010000000010000111001100101100000000010000100
0010000000000110000111100111001010010100100000001101110100010010001000111001010
1001110100100000000100001000000011000110100010001000111011101100001110101101100
0000011000001100110000100010101011010101110111101011011110101101010100010110111
0111111100101110001111111100010010010101011111001110101010010010001001001101010
1110100011100110101100011000001100011010100010111011000001000101100110101000000
0110010000000000001000001101100001111000111001011110010010000001100000010010101
0101110111000001011100001000000011011000000000000000000101000100010100001011000
1010101100011001001100100101100111111001101100010110101100011010001010001000000
1110100111010101100011100000111100101010100101010001101001001101010110100001101
0010111100100111011010010000110011001111010110101110001000001001001111010001110
0101000010101010110100011010000011100100011000110001000101000010000011001101000
0000110110001011010011001000101001000001111000001000110011011001000100101011010
0101001010111100110000011101010010100110011001101011100101110100100010011011100
1011111010010111000000100010000100100000001000101000101000011011011001111001011
0010010000100111000011001001100000011000010111001101000100001110000001000100001
0110111010110000100010100010101000101010110000001100000010000100110000110010101
1100111000011001010111110010001000111000100101000001011110011010010111111001010
1101000000001110010110111111100111100110010010110000110110101100100110010010101
0001010001100110011000010111111101011001011001000001001011010110000010101001011
1011111001000001010110010100000010010000010100010111011000000100100100001110111
