57
111001110101000110011101111110001101000111101000110111111
111111010111111100010111110011001010111110010111111100011
111001001100111011100011101001001000110100010011010101011
010100110101111001111111100101101001011001101111010011111
010010100111100000100011010100101010010001111101110111010
111001000110101011110011000001110001100011110010111110011
100110111011111111000101110110100011101101010010111010111
110100110001011010001011001100010111101111110100011000110
001000101011011110101010110001001101010011010000110101111
111111000110111111010100001111110111100001010011000111011
010011101111111101000010101010111100110101000101111010111
110110111011010100011101010001001111001010011010101110010
011111100110101101010100001100000111100011010111011111101
011100111111011010110100111111011111101001100110111001011
011101111110111001011010010110110010100001100100111111111
110000101111100110001001000010010011001111111100110111110
101001111100010110111111001011001101101111101101000011111
001101100110101001011111110001011111001101000011000011001
001111001000010010111001000110111111101101101001111101011
110101000101111011110011111110100111101111101001011110011
100100011001001111101001100110100011001101111010101110001
110100100101110011000101010101111111001110011110110111010
011111011010001011010011111111111001111110111111111011111
111111110001000111111111100001011010111000111101000010001
111100101010010001011011100100011111011001010010001111011
110010101001011001010110011001010000011011100100001111011
101000010110110010010010011001110101110000000011010010010
100110110100111000111110100111100101010111110001001010111
110000100110011110111010000111010010111101101101100111110
011101001101010011000111011111110001000101101011111100001
000111100110001000111110001101101111110101101110100111110
000001010110011101100111111011010110100110001101110111110
111110001011010011100111100000101010011011110101111100101
100000011111110011110100101100110110100010000110010111100
010010110101111101111101100010111110111111101100110001001
100101111101110111111110101101100001111011100110010100000
011001110110111010110011001010110111111011110110110001010
011110001010000000000011111110101011111101111111100111010
010100110001010111111111110010001011111000101001010111010
111000110010000111111110000111110010010110001101110111010
110001011001100110010110010100011111100111111111001000000
100111111110111111111000110111101011110011111000010111001
100111010000011110111011010111101011111011110011110110011
011011111101100100001111100100001000110011111110110110000
100110000001000110111111000011110010011111011111011110101
010110010010111110000111010010111111110110011100011100111
011101100101110001001110101001100101110010111010110111101
011110000110100011110011001111011000011110101001010011100
110011101011011100101110000011111010110100110010110101000
111111111010111100110110001001011111101101111111110101100
010001110011111000111010110101001000000010001100001111010
111011001101101100111100110011111101011101111110111101110
100111100111101111011111111110110100011101111011001011101
101110001100111111100110110010110110111101000011111111101
100100111010101110000010000110111100000000001111010111110
111111111111011110110110111110110000111100100100001100110
111101101110111011111011110101001010000001101110000011001
