37
1011011100010110110110000101101000010
0100010011110011000000001111000110010
1011001101001101111010010101010111011
1011111010010111001110001111100111111
0001100001000011101000101000111111010
1101010110010110000110111111011100110
1011001000000011101100010110110000101
1010010100000100111100010000001001111
0101010010011101000001100100100110110
0110100001000110110111010010000000001
0100000000110001110111111000000110111
1101010010110010001011100010111110111
0010000010001101011011111011001000101
1011010111001101001100111001100111010
1101111001010010011110100001101111011
0111101010101101011111111110000110000
1010101101100000110100010010010110010
1010000101101011111101010010111000110
0011101100011111011101110101110110100
1001011101100111111110111101100101001
1011010001111011000110111010111001001
0000000011111001011001011100111101010
0000110010111111001110110110011011111
0010011101101101111111111111010101101
0101110000101101000111011101110010111
1111011010000001001101111101010101000
0101011001011001110010110010011011001
1111010000001110001100011101011000101
1001101010010110011111001000110101011
0010111000010000111011111111111001010
1000110100011010010011100011011100100
0111110010110111101101010100101111011
0111100010110111101000101010000110101
0011100100000110000111110110110101101
0001011110111000011000111001001011111
1111110110110110110001101000110100110
0011001101111010000110111011100111101
