48
111010011101100011011100101101010000011000101101
110010100111101100111001011111111011011111000101
101001111010011110010001010000110010011111010000
000111111011101101110111110111100101001101000110
110111111010011110101110110011010111111011001000
001111010001111011101111001101101101101101101100
011110111010110000011111111100011111100001101001
101111111111111111110010100111000000000010101011
101110111001101011000011101011100111111001010101
110000010101010000011111001010110110110111111000
011110110010101111111101011100111010100001111101
110101011101101101101111111110110100001111111000
110101111011110101101010101000110011010000110010
001011110100111011011101111100011111001010110011
011111011011011101101101110010100010010111110111
011110010011101100100111111000110100100000111101
101011011010010011101011100001111111000000011011
100101011011111011101110101000111101101001000010
010111010011101111111111101110111110110111111011
111100110110010000110010111111100001001010010010
110011100111111011101001111110110110011010111100
100111100111011101100111110111101011110011111000
000111111101100111110111110111101111111111010101
011101101111011110101111011110101111011101011011
100110111001111111111110100101010111000111110111
011110100011011100011111011011101010101010001110
110001101111110101111001011111011011100111011111
110101110011010000111111101111101111101011000111
010110011101001000111111011111111101000101110110
110111011000000010010110111111011111011001101100
011101001111101111111111010110111000010110001101
111010100111110111101000101011111111000101111111
010001100010010011100111011111111101100111001111
000111101101010111101011100111011101111100011110
011010101110111010101111111101010011101111101010
010111101000110011010111101111011111111111110101
000011101110000101100110011100001111101010100101
111010001100101000101111000001100101011110100011
111111001001010001011011010101000111111111111101
011101000101001000100011101010111111011110110110
011010010101011000111110111100101011111111110111
011111101111001001100111101111011011001011001011
100001110111111100101100100011010011111110110111
001000001111111110111111101010010101001110110011
100011110111000110101101011001111110001001001111
110101001010001100001010111111111101101110101100
000100010000111011110001111110011110010111111011
110000111010011110100011101100111001111011111011
