65
10010000001000000010100000110001000000001000001000000000001010000
01000011000000000000000000000010010000000001001000000000000001000
00100000000000101000001000001000001000000000000000000110010000000
10010010000000000010100000010000010001000011000100000000000000000
00001000000100000010000000000000001000000000001100010000000000000
00000100010100100000000010000100000001000000010110000000010000000
01010011000000000000000100001000000000010001010010000000000000000
01000011100000000000001000000000000000001000000010100001000000000
00000001100001000100100000000011000000010000000000000100000000010
00000100010011100100000000000000000001000100010010000001001000010
10000000001000000000000000000100000000000100000001010000000000000
00001100000100000000000000000000000010000000100100010010000000000
00000000010010100010010000000000000000000000000000000000000000000
00000000110001100000000000000000000000001000000000101000000000000
00100100010011100000010000000100001000000000000000000001000100000
00000000000000010001000010001000010000000000000000000000010000000
00100000000000001011001000000000001000000000000001000100001000000
00000000110000000100010000010010000001010000000000010000000000000
10011000000010001010100000000010110000000100000000100010001000000
00000000000000011001000001010010101000000000000000100110000001010
10010000100000000010100000000000000000000000000000100000000000000
00000000000010100100010000000000001100000000000000000000000101000
00100001000000001000001000000100010000001000000000000011001000000
00000010000000000000000100000000000000010000000000100000001011000
00000100000000010000000010001010000000000010000000000010000000000
00000000000000000001000001000000000000000000000000100001000000000
10000000000000000000000000101110000010000100000101000000000000000
10010000000000000101000000011000000000000010010100000000000100000
00100010000000010000000010111000001010000000010101000100001000000
00000100001000100000001000100100000000000000000000000000010010010
01000000100000000111000010100010000011000000100100001000001000100
10000000100000000000000000000001010000000000100000100010000100000
00000000000000000011000000000000100010000000000000000000000010000
01010000000000010010001000000001011010101000100000000000000010100
00101000000000101001010000001000011000000000000010000010000000000
00000000000000000000010000000000000100000000000000100001100100000
00000000000100000000000000101010110010000001000000100100010010001
00010100010000000100000000000010000001000010110100000001000000100
00000000000000000000000000000000010000100010100000000010000000100
00000010100000000100000100000000000000010000010000000000000000000
10000001000001000000001000000000010000001000100000010100010000001
00000000011000000010000000100000000000000110010000100000000000000
00010000000000000000000010010000000001100110010100000000010000000
01010010000000000000000000000000000010000001000010000000100100000
00000000000100000000000000000011010001101000110000000001010010000
00000110010000000000000000011000000001010110110000000000001000100
11001000000000000000000000000000000000000000001100001100000010000
00011100000100000000000000111010000001000010001100000000000010001
00000111010000000000000000000000001000000001000010000000000000000
00000000001000001000000000101000000000000000000001000000110000000
00000001000001000011100101000001000110000100000000100000000100000
00001000001100000100000000000000000000001000000000011001001000000
00000000000001000000000000000010000000000000001000011100000010101
00100000100000001001000000001000000010001000001000001100001010001
00100000000100000011001010000001001000100000000000000010100010011
00000001010000100000001001000000000101000000100000010001000000000
00000000000000000000000000000000000100000001000001000010100000000
00100100000000010000000000000100000010001010100001000000010000010
10000000010000001010001100001010000000000000010000010100001100001
00000000000000100000010000010001000100000001000000100000001100000
10000000000000000000000100000100110010000000101100001110000010100
01000000000000000001010100000000000000000000000000000000000001000
00000000000000000000000000000010010001100000010000001000000010100
00000000110000000001000000000100000000000000000000000010010000010
00000000000000000000000000000000000010001000000100001110001000001
