64
1100110000010010001110001100111000011111010110101111001111011000
1101001100101010000001010110000000101101000110001110011110010010
0010010110011010111000111010010011011101101011100000000101000000
0101111101000001110010001100000011111111101001100001010010011011
1001110111110101011110000011111011011001001111111110001001101011
1011110111110000010011010111111010001011011000111111100010000010
0101001010001101011111110101000100001001010011100110011110111111
0111110100101101101111011001100010101010001101111101000101111111
0010111010110100101001111011110110101100111101011110000010111000
0001110001101111100110001101000101111110100101001000111110101011
0100110111101101000101011110110111000011011110000000001111111001
1010110010010100001011111110000010000010110110011001010100011010
0110001101101111101010000001110010110110100110011101010100111101
0000101111111111101000011111100110111011001001000001000101001000
1110000001001111010111101100011101101010111110100111001111111001
0001101101101111111001100101111010111011000101101101110110011001
0011000111001101100101100100010111100100100011101010010010011001
0011111000000011011110010111011110111100100001011000101101011011
1010101110011101011010001110110010000011000111111101101111001111
1000101101100010110101101000100000011000001001101101111010110010
1001111101011010011010111010010011001010100101010111011000001111
0100011110110011100101101110000110101110100111100001011011001000
0010001010010011100111111101110011111011011100111111100111000110
0110011110110100010010110110101111011101000110001111010110000111
1011000111110110001111101111111000000101011100001111000110110011
1101011001110111111001111110101111110010110111101111111110010100
0110110010110100011011011110100111010110101000010101010101111111
0000111111001101010000101001000111101010111101110010100100010101
1000110110101101001100111110100011010011101101101100010101100000
1010110010101011111010101000011110010010111011110110110110111111
1000110000000011010000011100011001011011011001101101011100011110
0000001011100110110001010111010111101110000010010111000010010011
0011110110111101111011110111110110111010001100110010010010001001
0011100001100010100010110111101101100001010110111110110011001110
0101000111001111110001100101000111110101101110111111111001111101
1011100001001101010100110110111010110100111110111111111001011001
1111111111000111010111110001001110001101111001110100100110101110
1111000011001000110001011010000100111101100100010011100110000101
1001010101111111001011100111111110000011101111110101000110001000
1111111000100101001000111000101001101111110000010111000011001001
0011000011011010110011000111110000111111110010011001111101101111
1000011010110010000000101101011001011001111000001111000110111010
0011110110100110000100101011111010111010011101111110011011101001
1100100111111011001011111101100011110110001110000011000011010101
1110101000111010101001010100010101110010100110110110001110011000
0011101111000101111111000101111000001010001001111001001110110100
1011111100000011101101100101111011111010001011110000101001000111
0000110110011000011010100011010111111111101011110100010010011110
1100110111011001111100111100101001110000111001001000100011011000
1100111110001011001110111110111101111011011010010111101111111111
1100111010000010100010111101010111110101011110000111101111100010
1001010100011111001111111110001100110111110101000111110010100111
0000010001000001011100100101010001111100100000101111111111010000
0101001001011001100111010110111011110000101000010001111000011110
1100101001100010011111000100001000110000101011100110111000000100
1110001101111111011000111111111000001110110011000110100110110101
1101011011100011101101111100010111001111011111011111100111111010
1010100100100110011001100010100001110001101100101110100011111101
0000101111101010000100001010110000101000111001000111000111101000
1101001110111011110100001111011100110000010111011100110111010001
1001101111111111111011000010011011111011111010011100010011101111
0000001100001000001010110111011001101100100101110101011101001111
0101111101010000011110111010011101001000110000110111010010001111
0001101101101011111010011011010110110101101100100101000101011111
