95
10000000010100000000000001000000000000000000000000000000000101000000000000000001000010010000000
01000000000000000000000000000000000000000100000000000001000000000000100000000001000000000000000
00100010000001000000000000100000100000000010000000000000010000000000010000000000000000000000010
00010000000000000000100000000000100000000000000001000000000000000000000000011000000000101000000
00001000000100000000011011000001000000000000000000000010100100000000000000000000010000000000000
00000100000000000000001000000001001010000000000000000000001001100000000000000000000000000000000
00100010000000000000000000000000000000010000000000000000000000000000000000000001000000000000000
00000001000010000000000000000000000000000000000000000000000000000000000000010000000100000000001
00000000100000000000000000000000000000000100000000000100000000000010000000000000001000010000010
10000000010000000000000000000000000110000000000000000000000000000000000000000000000000000000000
00000000001000000000000000000000000000000000000000000000000000010000000010000000000010000000000
10001000000100000001000000000000000000000000000000000000000000000000010000010000000000000000000
00000001000010000100010000000000100001000000010010000000000000000000000000000001000000000000000
00100000000001000010100010000000000000000000001100000000000001000000000000000000000100000000000
00000000000000100000000000000000000000000000000000001001010000000000000100000010000000000000000
00000000000000010000001000000000000000000000100000000000000000000000000000000000000000000000010
00000000000000001000001000100000000000010000000000000000000000000000000000000001000000000000000
00000000000010000100000000000001000000000001001000010000000000000000000001000000010000000000010
00000000000001000011000000000000000000001000000000000000000010000000000000000000000010000000000
00000000000100000011000010000100000000000100100100000000000000000000000000001000010000010001000
00010000000001000000100000001000000000010000000000000001000010000000000000000000000000000000000
00001000000010000000010000000000100010000000000000000010000100000000000000000000000000000000000
00001100000000011000001000000000000000000000000000000000000010000000000000000110000000000000000
00000000000000000000000100000001000010000001000000000000100000000000001001000000000100000000000
00001000000001000001000010000000000000001000001000000001000000000000000000000000000000000010000
10001000000000000000000001000000000000100000000000000000011000100011001010000000010000000000000
00100000000000001000000000100000000000010000000101000000000000000010010000000000000000010000000
00000000000000000000000000010000000001000000000010001000000000100000000000000100000000000000010
00000000000000000000100000001110000000000000000000000000000000000010000000000000000000010000001
00000000000000000001000000001100000000000000000000000000001010110000000000000000000000000000000
00000000000000000000000000001010000000000000000000000000000000001000000000010000000000000000001
00001100000000000100000100000001000000000000000100000000000000000000010000100000000010000000100
00110000000010000000010000000000100001000000000000100000001000000000011000000000000000100000011
00000000000000000000000000000000010000000010000000000000000000010000000000000000000100000000001
00000100000000000000000000000000001000000000000000000000000010000000010001010001000001100010000
00000000010000000000000000000000000100000000000000000000000001000000010101000000001010000000000
00000100010000000000010100000000000010000000000000000000000000000000000000100000000000001000000
00000000000010000000000000010000100001000001001000000100000000000000000001000000001001000000000
00000000000000000000000001000000000000100000000000000000100010000001010100000000000000000000000
00000010000000001000100000100000000000010000000110000000000101000000000001000000000000001000000
00000000000000000010000010000000000000001000000000000000000001100010000000000000000000000100000
01000000100000000001000000000000000000000100000100000000000000000101000000000001000000000000100
00100000000000000000000000000000010000000010000000000000000010000000000000000000001000000010010
00000000000000000100000100000000000001000001000010000000000010000000000000000000000000000000001
00000000000000010001000000000000000000000000110010010000000000010000000010000000000000000000000
00000000000010000000000000000000000000000000110000000000000110000000000000000010000000001000000
00000000000001000100000010000000000001000000001000000000000000000000000100000000000000000000000
00000000000001000001000000100001000000010100000100010000000000000010000010000000000000000100000
00000000000010000000000000010000000000010001100010000000010000000000100000000000000000000000000
00010000000000000000000000100000000000000000000001000000000000000000000000000000000000000000000
00000000000000000000000000000000100000000000000000100000100000010000000000010000000000000000000
00000000000000000100000000000000000000000000100100011000000000100001001000000000000000001000010
00000000000000100000000000010000000000000000000000011000100000011000000000000000000100010000000
00000000100000000000000000000000000001000000000000000100000000000000000000010000000000000000000
00001000000000000000010000000000000000000000000000000010000000000000000000100000000000000000100
01000000000000100000100010000000000000000000000000000001000000000000010000000000010100000010000
00001000000000000000000100000000000000100000000000101000100010000000000000000001010110000000001
00100000000000100000000001000000000000000000000010000000011000001000000110000000001000000000000
00000100000000000000000001000100100000000000000000000000011000100000000000000000000001000000100
10001000000000000000010000000000000000010000010000000000000100000000000000000000011000000000000
00000000000000000010101000000100001000100011010000000000100010010010000000000000000001000000000
10000100000001000000000000000000000100011000000000000000000001001000000000000010100000000000000
00000100000000000000000001010100000000001000000000010000001000100011000000001000001001010010000
00000000001000000000000000000100010000000000100000101000000010010000000000000000000000100000000
00000000000000000000000000000010000000000000000000001000010001001000000000000000000000000000000
00000000000000000000000000000000000000000100000000000000000000000100000001000000000010000001100
00000000100000000000000001101000000000001000000100000000000010100010000000010100000010000001000
00000000000000000000000001000000000000100100000000010000000000100001000000000000000000000000000
01000000000000000000000000000000000000000000000010000000000000000000101000000000000000000000000
00100000000100000000000000100001101100100000000000000001000000000000010001000000000000000000000
00000000000000000000000101000000100000000000000000010000000000000000101000000000000000000000000
00000000000000100000000000000000000100100000001000000000010000000000000100000000100000000000000
00000000001000000000000001000000000000000000100100000000010000000000000010000000100000000000000
00000000000000000100000100000000001101010000000000000000000000000100010001000000001000000100010
00000000000000000000000000000001000010000000000000000010000000000000000000100000000000000001000
00010001000100000000000000000010001000000000000000100100000000000010000000010000000010000000000
00010000000000000001000000000000000000000000000000000000000000100000000000001000000000100000100
00000000000000000000001000010000000000000000000000000000000000000010000000000100000000000000000
00000000000000100000001000000000000000000000010000000000000001000000000000000010000000000000010
11000010000010001000000000000000001000000100000000000000100000000000000000000001100000100000001
00000000000000000000000000000000000000000000000000000000000001000000000110000001100000000001000
00001000000000000101000001000000000000000000000000000001100100000000000000000000010000000000110
00000000100000000000000000000000000101000010000000000000010100100000000001000000001000000100000
00000001000001000000000100000000010000000000000000001001100000000000000000000000000100000000010
10000000001000000010000000000001000100000000000000000000100000000110000000010000000010100000000
00000000000000000000000000000000001001000000000000000000001010100000000000000000000001010001000
00010000000000000000000000000000101000000000000000000000000000010000000000001001000010100000000
10000000100000000001000000101000000000000000000000001000000000100000000000000000000001010000000
00010000000000000000000000000000000010010000010000010000000000000000000000000000000000001001000
00000000000000000000000000000000000000001000000100000000000000000000000001000000001000000101000
00000000000000000000000010000000001000000010000000000001000000100000000000000000000000000010000
00000000000000000001000000000000000000000000000000000000000000000110000000100000100001001101000
00000000000000000000000000000001000000000100000000000010001000000100000000001000010000000000100
00100000100000010100000000010000100000000010000000010000000000000000000001000010010100000000010
00000001000000000000000000001010110000000001000000000000100000000000000000000001000000000000001
