70
1100000001010011001010001000000011100100000000011000001010001000000000
1101100010010111000100100000000001000000100110011000000000000110000001
0010100111000001100011000000000000001110000010010001001111001000000010
0101101010111001010000100100100000100111000000000000000100000001000100
0111100010000110000001011100000000101010000011010000000010000000001011
0000010000000000000100001101001000110010001000010000000000000011000000
0001001001000001000010000000000010001100001011100000010010001000000100
0010000110100010000100010000111000110100000100000010010000100001000100
0111100110001000000000010000001100111000100010001001001000000001100010
1010001001100000000100011000000000100000000110000000010101000010010000
0001000101101001010000101001000000000000000000000000110110110001000110
1101000000010001000000010100001010010000000100010100000110100000010101
0001000010101110100000100000000000001000010000000001011000101011000000
0100100000001100110000111010010000111100000100100010000100010101000100
1100100100001010010100001011000100000100000000000000100000000100001100
1111001000110001000000100000000010000000001000000010010110000000100100
0010000000001100101000000000000100000000001000100000010000000000000010
0001000000100110010100100000000000000000000000111000000010101010011011
1000000000000000101001100000001000000000100010000110001000000001000100
0100010101000010010110110101000000000101100010000011100000100000000100
1010001000000000000110010000100001101010111010100000010110000000000100
0010100000000000001001001101000101100000000000101001111101001000001010
0101000000101101011100100000000000101000010000001010110110110000101010
0000100111010100000110010001000100000010011100001100000000010000000010
1000110001100110000001001010000100010001100100110110000001011010100001
0001110000010000000101000110110101100000001011110000100100101010010010
0000000000000110000000001111100000000000011100100100100000010100000010
0000010000100010000101010011010000000111011001110000000001010011001000
0001000100000000000010000110111000110000001010000000001111101010000000
0000000100000100000000000101110000001000000001000000011000000110110000
0000010110010000001000000000101000000000110100111010000111001100100001
0000000010000010100001011100000100000000000000101000100000100001000000
1000001000010001000000000000000010001000111000000010100000000111000100
1100000000000000000011000100000001010100000100110000000110000010100000
1001110111000100000011100100100000100011000000000000000000101001000000
0000010110010100000000001000100001010000011000001000010010000101000010
0010101010001100000010100000010010001100000000010000000000011000100110
1011001100000110000100000001000001001100000001000101100000100101000001
0011110000000000000010010001000000100010100100000010110001010100100000
0001000000000000000100001001000000100001010000000000000000101000000100
0100000010000000001110001000001010000010100000010001000000011000000100
0000000000001000000010110011001010010001010100111000100011001000001010
0000011000000001100010010111100010010000001000000001010010010110000100
0100000101010100000000011010001001000010010100000011100001001100010000
0110101011000000001110000100100000000000000010010000100100010001100000
0000101000000000000000000101010000000100000001000000000000000010001001
0000001000000100110011001111001101000000010000110001001010000010000000
1110110000010000010000001101001001001000110010110000000010000101000100
1100000010000000010001110000001100010000010000001010000000010000000000
0000000000010000001000011010000000000100000000000101001000000000000001
0000000100000101001100101000001010000010000100001010100101001000101001
0010000010001000000101000000000000000100101100100101001101111100010100
0000000000100010000101100110000110000110010110000010110000101000000000
0000001101101001100011100000010000010010001000000000110011010000000000
1010000010001000001001000000110000000000000000100101001010010110010010
0011000001110101000011100100101001000000000010000011000100100101101000
1010101000110001010010100000101001010000011000110000011011111000000000
0010000001000000000001001001101000000010010100000011010011000110001110
0000000100111000010100100100100100100101000000000001100110100000001000
0000000000100100000000111011000000001010101010001001011010011000000001
1010001000001000010001001100101000101001110100000011100010011000001001
0100000000000110000000000010011010010110001100010001001101000101001000
0100010001001000010000001101110011000000001001100000001001000011011101
0001010110101100001000000001000110110100000010010000000100000111000000
0000000010000001000000101000011001001010000010000010000100000000100000
0000000001010000010000000100010000000000000100000001001000000010010000
0000100000000010010001100001000000000000010001000010000101101110001000
0001001100110111001110000000000010001001101000010001000001000010000101
0010100010100000110001110110000000011000010000000000001001000000000011
0100100000010000010000001000001000000100000001000110000000011010000111
